Model       Freq  Turbo  Cores  Threads   L1    L2  L3   W  Date        Single  Laptop
i7-4578U    3000   3500      2        4   64  0.25   4  28  2014-07-01    1921
i7-5557U    3100   3400      2        4   64  0.25   4  28  2015-01-01    1927
i7-6567U    2400   3300      2        4   64  0.25   4  28  2015-09-01    2082
i7-7567U    3500   4000      2        4   64  0.25   4  28  2017-01-01    2193
i7-8569U    2800   4700      4        8   64  0.25   8  28  2019-07-01    2567
i7-1165G7   2800   4700      4        8   80  1.25  12  28  2020-09-01    2733  Precision-3560
i7-1270P    2200   4800      4        8   80  1.25  18  28  2022-02-01    3309  Precision-3570
i7-1360P    2200   5000      4        8   80  1.25  18  28  2023-01-01    3433  Precision-3580
u7-155H     1400   4800      6       22  112  2.00  24  28  2023-12-01    3435  Precision-3590
u7-255H     2000   5100      6       14  112  2.50  24  28  2025-01-01    4100  Pro-MC16250-Max
